0
16384
1
32768
49152
24576
8192
40960
57344
16385
32769
49153
24577
40961
57345
8193
2
16386
3
49154
32770
24578
57346
40962
8194
16387
4
49155
32771
24579
57347
40963
8195
16388
49156
24580
32772
40964
57348
8196
5
49157
6
32773
24581
40965
57349
8197
16389
49158
32774
24582
40966
57350
16390
8198
49159
32775
24583
40967
57351
16391
8199
32776
40968
49160
24584
57352
16392
8200
32777
40969
24585
49161
820116393

57353
32778
24586
40970
49162
8202
57354
16394
24587
40971
49163
32779
8203
16395
57355
573567

16396
32780
24588
49164
8204
40972
57357
24589
16397
32781
40973
8205
49165
57358
16398
24590
49166
32782
8206
40974
57359
16399
49167
24591
32783
8207
40975
57360
16400
49168
24592
32784
8208
57361
16401
40976
24593
49169
57362
16402
40977
32785
8209
49170
57363
24594
16403
32786
8210
40978
24595
57364
49171
32787
8211
40979
16404
57365
49172
24596
40980
8212
16405
32788
4917357366

24597
8213
40981
16406
32789
57367
8214
16407
49174
32790
24598
40982
49175
8215
24599
16408
57368
32791
40983
49176
8216
57369
32792
16409
24600
40984
8217
49177
32793
16410
40985
57370
24601
49178
8218
16411
32794
24602
40986
57371
8219
49179
32795
16412
57372
40987
8220
49180
24603
32796
57373
16413
49181
8221
40988
24604
32797
57374
49182
16414
24605
40989
8222
57375
32798
16415
49183
40990
8223
32799
24606
57376
49184
16416
8224
40991
24607
57377
32800
49185
16417
8225
40992
57378
24608
32801
49186
16418
8226
40993
24609
57379
32802
16419
49187
8227
40994
24610
57380
32803
16420
49188
8228
40995
24611
49189
32804
16421
57381
8229
40996
24612
4919032805

16422
40997
57382
8230
24613
8231
32806
16423
57383
49191
40998
24614
8232
49192
57384
32807
16424
40999
8233
24615
49193
57385
16425
32808
41000
8234
24616
49194
57386
16426
41001
32809
8235
24617
49195
57387
16427
41002
8236
24618
32810
49196
41003
16428
57388
32811
8237
49197
24619
41004
57389
16429
32812
8238
49198
24620
41005
57390
16430
32813
8239
49199
24621
41006
57391
16431
32814
8240
49200
24622
41007
57392
16432
32815
8241
49201
24623
41008
57393
16433
32816
8242
49202
24624
41009
57394
16434
32817
8243
49203
24625
41010
57395
16435
32818
8244
49204
24626
41011
57396
16436
32819
8245
49205
24627
41012
57397
16437
32820
8246
49206
24628
41013
57398
16438
32821
8247
49207
24629
41014
57399
16439
32822
8248
49208
24630
41015
57400
16440
32823
8249
49209
24631
41016
57401
16441
32824
8250
49210
24632
41017
57402
16442
32825
8251
49211
24633
41018
57403
16443
32826
8252
49212
24634
41019
57404
16444
32827
8253
49213
24635
41020
57405
16445
8254
32828
41021
57406
49214
24636
16446
32829
8255
41022
57407
49215
24637
32830
16447
8256
41023
49216
57408
32831
8257
16448
24638
41024
32832
57409
49217
8258
16449
24639
41025
32833
49218
57410
8259
16450
24640
41026
32834
49219
57411
8260
16451
24641
41027
32835
49220
57412
8261
16452
24642
41028
32836
49221
57413
8262
16453
24643
41029
32837
49222
57414
8263
16454
24644
32838
49223
41030
57415
8264
16455
24645
49224
41031
32839
8265
57416
24646
16456
41032
49225
32840
8266
57417
24647
16457
41033
49226
32841
8267
57418
24648
41034
16458
32842
49227
57419
8268
24649
32843
16459
49228
41035
57420
8269
16460
24650
41036
32844
49229
8270
57421
24651
16461
41037
49230
32845
57422
8271
16462
24652
49231
41038
32846
57423
8272
24653
16463
41039
32847
57424
49232
8273
24654
16464
32848
57425
41040
24655
8274
49233
16465
57426
41041
32849
24656
49234
8275
16466
57427
32850
41042
24657
8276
49235
57428
32851
16467
41043
8277
49236
24658
32852
41044
57429
16468
8278
49237
24659
32853
57430
41045
8279
49238
16469
24660
57431
41046
32854
8280
49239
24661
16470
41047
57432
32855
49240
8281
16471
24662
57433
32856
41048
49241
8282
16472
24663
32857
41049
57434
49242
8283
16473
32858
57435
24664
49243
8284
41050
16474
32859
49244
57436
24665
41051
8285
32860
16475
57437
49245
41052
8286
24666
16476
49246
57438
32861
24667
8287
41053
16477
49247
32862
57439
24668
8288
41054
16478
49248
32863
57440
24669
8289
41055
16479
32864
57441
49249
24670
16480
8290
41056
57442
32865
49250
16481
24671
8291
49251
41057
32866
57443
24672
8292
49252
16482
32867
57444
41058
8293
24673
49253
32868
16483
41059
57445
24674
8294
32869
16484
57446
49254
41060
8295
24675
32870
16485
49255
4106157447

8296
24676
32871
16486
49256
41062
57448
8297
24677
32872
41063
49257
16487
8298
32873
57449
24678
41064
49258
16488
8299
57450
32874
24679
41065
16489
49259
57451
8300
24680
32875
41066
16490
49260
8301
57452
24681
32876
41067
16491
49261
8302
57453
24682
32877
41068
16492
49262
8303
57454
24683
32878
41069
16493
49263
8304
57455
32879
24684
41070
16494
49264
8305
32880
24685
57456
16495
41071
49265
8306
32881
24686
16496
57457
41072
49266
8307
32882
24687
16497
57458
41073
49267
8308
32883
24688
16498
57459
49268
41074
8309
32884
24689
16499
57460
49269
41075
32885
8310
24690
57461
16500
49270
32886
41076
8311
57462
24691
16501
49271
8312
41077
32887
57463
24692
16502
49272
32888
8313
41078
57464
24693
49273
16503
41079
32889
8314
57465
24694
49274
16504
41080
246958315

32890
57466
16505
41081
49275
24696
57467
328918316

41082
16506
8317
24697
49276
57468
32892
16507
41083
24698
8318
32893
57469
49277
41084
16508
8319
32894
24699
49278
16509
41085
57470
24700
32895
41086
49279
57471
8320
16510
24701
41087
49280
32896
57472
8321
16511
24702
49281
41088
32897
57473
16512
8322
24703
32898
41089
57474
49282
24704
8323
16513
57475
32899
49283
41090
8324
16514
24705
3290057476

49284
41091
8325
24706
16515
57477
49285
32901
41092
8326
24707
49286
16516
32902
57478
8327
41093
24708
16517
49287
32903
57479
8328
41094
24709
49288
16518
57480
32904
8329
41095
24710
49289
57481
16519
32905
8330
24711
41096
16520
49290
57482
8331
24712
41097
32906
16521
57483
8332
49291
24713
41098
32907
57484
8333
16522
49292
41099
24714
32908
8334
57485
16523
32909
49293
24715
41100
833557486

16524
32910
49294
41101
24716
57487
8336
16525
32911
49295
24717
41102
16526
8337
41103
32912
57488
49296
24718
8338
16527
41104
57489
49297
32913
24719
8339
16528
4110549298

32914
24720
57490
16529
8340
49299
24721
32915
41106
8341
57491
16530
49300
32916
41107
24722
57492
8342
16531
3291749301
24723

8343
57493
41108
16532
24724
49302
32918
8344
57494
16533
41109
24725
32919
49303
41110
8345
16534
57495
49304
32920
24726
41111
16535
57496
8346
49305
32921
4111224727

16536
57497
32922
8347
24728
49306
41113
57498
16537
32923
8348
24729
41114
49307
57499
16538
24730
32924
8349
49308
41115
57500
16539
24731
32925
8350
49309
16540
57501
41116
24732
32926
8351
57502
41117
16541
49310
24733
8352
32927
16542
49311
41118
57503
24734
8353
41119
16543
32928
49312
57504
8354
41120
24735
16544
32929
57505
49313
8355
24736
16545
41121
32930
49314
8356
57506
24737
16546
41122
49315
32931
24738
41123
8357
16547
57507
49316
32932
41124
24739
16548
8358
57508
41125
49317
32933
24740
8359
16549
57509
49318
41126
32934
24741
16550
57510
8360
49319
41127
32935
24742
16551
8361
57511
49320
41128
32936
8362
16552
24743
57512
41129
49321
32937
16553
24744
8363
41130
57513
49322
16554
32938
8364
24745
49323
57514
41131
32939
16555
8365
49324
24746
57515
41132
8366
16556
32940
24747
49325
57516
41133
8367
32941
16557
24748
49326
57517
41134
32942
8368
16558
49327
24749
41135
57518
32943
8369
16559
24750
49328
57519
32944
41136
49329
16560
8370
24751
32945
41137
49330
57520
16561
8371
24752
41138
32946
16562
57521
49331
8372
24753
32947
41139
16563
57522
49332
24754
8373
16564
32948
41140
57523
24755
8374
49333
32949
16565
41141
57524
24756
8375
49334
41142
32950
16566
57525
49335
24757
8376
41143
32951
16567
57526
24758
41144
49336
8377
16568
32952
41145
57527
24759
49337
8378
32953
16569
57528
41146
49338
24760
8379
32954
16570
57529
41147
24761
49339
32955
16571
8380
57530
24762
8381
41148
49340
32956
16572
57531
24763
8382
41149
49341
16573
32957
24764
57532
8383
49342
24765
32958
16574
41150
57533
8384
24766
49343
32959
41151
16575
57534
24767
8385
32960
49344
16576
57535
41152
8386
24768
49345
32961
16577
41153
57536
8387
24769
4934616578
32962

41154
8388
24770
57537
32963
49347
16579
8389
57538
41155
24771
32964
16580
49348
8390
57539
41156
24772
32965
16581
49349
8391
57540
24773
16582
41157
32966
8
49350
57541
24774
8392
41158
32967
16583
57542
24775
49351
41159
8393
32968
16584
57543
49352
24776
8394
41160
57544
32969
16585
49353
24777
41161
8395
16586
57545
32970
49354
24778
8396
57546
16587
41162
32971
49355
24779
8397
57547
41163
32972
16588
49356
24780
8398
41164
57548
16589
32973
49357
8399
24781
57549
41165
16590
32974
49358
24782
8400
41166
57550
32975
16591
24783
8401
49359
41167
57551
32976
16592
24784
49360
41168
57552
8402
16593
32977
49361
41169
24785
57553
8403
32978
16594
41170
24786
49362
32979
16595
57554
8404
41171
49363
24787
16596
32980
57555
8405
49364
41172
24788
16597
57556
8406
32981
41173
49365
24789
16598
8407
57557
49366
41174
32982
8408
16599
24790
49367
57558
41175
32983
8409
24791
16600
49368
57559
41176
32984
16601
41177
24792
8410
57560
49369
32985
41178
24793
57561
8411
49370
16602
32986
41179
57562
24794
8412
49371
32987
16603
57563
24795
41180
8413
49372
32988
16604
41181
24796
57564
49373
8414
32989
16605
41182
24797
49374
57565
8415
32990
16606
41183
49375
32991
24798
8416
16607
41184
57566
49376
24799
32992
8417
16608
49377
57567
41185
32993
24800
8418
49378
16609
41186
57568
32994
8419
24801
49379
16610
41187
32995
24802
57569
8420
49380
32996
41188
8421
16611
49381
24803
57570
41189
32997
24804
16612
57571
8422
49382
41190
32998
24805
8423
49383
16613
57572
41191
24806
8424
1661432999

49384
57573
24807
49385
41192
8425
33000
57574
16615
49386
41193
24808
8426
1661657575

33001
41194
49387
57576
33002
8427
16617
24809
41195
49388
57577
8428
33003
16618
24810
41196
49389
57578
16619
8429
24811
33004
41197
49390
5757916620

8430
41198
33005
24812
49391
16621
57580
8431
33006
24813
49392
41199
57581
16622
8432
24814
33007
49393
57582
16623
41200
8433
33008
49394
24815
57583
41201
16624
8434
24816
49395
33009
57584
41202
8435
16625
49396
24817
16626
57585
33010
41203
8436
24818
49397
16627
33011
57586
8437
24819
41204
49398
16628
57587
33012
8438
49399
41205
24820
16629
33013
57588
24821
8439
49400
41206
33014
16630
57589
844049401

16631
2482233015

57590
49402
41207
8441
16632
24823
33016
57591
41208
16633
49403
8442
24824
57592
33017
16634
41209
49404
8443
24825
57593
33018
16635
41210
49405
24826
8444
57594
33019
41211
16636
49406
24827
8445
33020
57595
41212
16637
24828
49407
8446
33021
57596
41213
16638
24829
49408
8447
57597
33022
41214
16639
24830
49409
8448
57598
33023
41215
16640
24831
49410
8449
57599
33024
16641
41216
24832
49411
8450
57600
33025
16642
41217
49412
24833
8451
57601
33026
41218
49413
2483416643

8452
57602
41219
33027
49414
16644
24835
8453
57603
41220
33028
49415
16645
24836
8454
33029
49416
57604
41221
16646
24837
8455
49417
33030
57605
41222
16647
24838
8456
49418
57606
33031
41223
24839
16648
49419
8457
57607
33032
16649
41224
24840
8458
49420
57608
33033
49421
41225
16650
8459
24841
57609
49422
16651
33034
41226
57610
8460
24842
49423
16652
41227
57611
33035
8461
24843
41228
16653
49424
8462
33036
57612
24844
41229
16654
49425
8463
57613
16655
24845
33037
41230
49426
8464
24846
16656
57614
33038
41231
8465
49427
24847
16657
33039
57615
41232
8466
49428
24848
16658
57616
8467
33040
49429
41233
24849
16659
57617
8468
41234
49430
33041
24850
16660
57618
41235
8469
49431
33042
24851
16661
57619
41236
8470
49432
33043
24852
16662
57620
41237
8471
49433
33044
24853
16663
57621
41238
49434
8472
33045
24854
16664
57622
49435
41239
33046
8473
16665
57623
24855
49436
33047
41240
8474
16666
57624
24856
49437
33048
41241
8475
57625
16667
24857
49438
33049
41242
8476
57626
16668
24858
49439
33050
41243
8477
57627
16669
24859
49440
33051
41244
8478
57628
16670
24860
49441
33052
41245
8479
57629
24861
16671
49442
33053
41246
8480
57630
24862
16672
49443
33054
41247
8481
57631
24863
16673
33055
49444
41248
8482
57632
24864
16674
33056
49445
41249
8483
57633
24865
16675
33057
49446
41250
8484
57634
24866
16676
33058
49447
41251
8485
57635
16677
24867
33059
41252
49448
8486
57636
16678
24868
33060
41253
49449
57637
8487
24869
16679
33061
41254
49450
57638
8488
16680
33062
41255
24870
49451
57639
8489
33063
41256
16681
24871
49452
57640
8490
41257
33064
16682
24872
49453
57641
8491
41258
33065
16683
24873
49454
57642
8492
41259
33066
16684
24874
49455
57643
8493
41260
33067
16685
24875
49456
57644
8494
33068
41261
16686
49457
24876
57645
33069
41262
8495
16687
49458
24877
57646
33070
41263
8496
16688
49459
24878
33071
41264
57647
8497
16689
49460
24879
33072
41265
57648
8498
16690
24880
49461
33073
41266
57649
8499
16691
24881
49462
33074
57650
8500
41267
16692
24882
49463
33075
57651
8501
41268
16693
24883
49464
33076
57652
8502
41269
16694
24884
49465
33077
57653
8503
41270
24885
16695
49466
33078
57654
8504
41271
24886
16696
49467
33079
57655
8505
41272
24887
16697
49468
57656
33080
8506
41273
24888
16698
49469
57657
33081
8507
41274
24889
16699
49470
57658
33082
8508
24890
16700
41275
49471
57659
33083
8509
24891
16701
41276
49472
57660
33084
8510
41277
16702
24892
49473
57661
33085
8511
41278
16703
24893
49474
57662
33086
8512
41279
16704
24894
49475
57663
33087
8513
41280
16705
49476
24895
57664
33088
8514
41281
16706
24896
57665
49477
8515
41282
33089
16707
24897
57666
49478
33090
41283
8516
16708
24898
57667
49479
33091
41284
8517
16709
24899
49480
57668
33092
41285
8518
24900
16710
49481
57669
33093
41286
8519
57670
49482
33094
16711
24901
41287
8520
57671
49483
33095
16712
41288
24902
8521
57672
49484
33096
16713
41289
24903
8522
57673
49485
33097
16714
41290
24904
8523
57674
49486
33098
16715
24905
41291
8524
57675
24906
41292
49487
33099
16716
8525
57676
24907
4129316717

49488
33100
8526
57677
24908
16718
49489
41294
33101
57678
8527
2490916719

49490
41295
33102
57679
8528
16720
24910
33103
49491
41296
57680
8529
24911
16721
33104
49492
41297
1672224912

33105
49493
8530
57681
41298
16723
33106
24913
8531
57682
49494
41299
24914
16724
33107
8532
57683
49495
41300
24915
16725
33108
8533
57684
49496
41301
24916
16726
33109
8534
57685
49497
24917
33110
16727
41302
49498
57686
8535
33111
41303
24918
16728
57687
49499
8536
33112
41304
16729
24919
8537
49500
57688
41305
33113
24920
16730
49501
57689
8538
33114
41306
24921
16731
49502
8539
57690
24922
41307
33115
49503
8540
16732
33116
24923
57691
41308
8541
16733
24924
57692
49504
41309
33117
8542
24925
57693
16734
41310
49505
8543
33118
16735
57694
24926
49506
41311
8544
33119
16736
49507
24927
57695
41312
8545
33120
24928
16737
49508
41313
57696
8546
24929
33121
16738
49509
8547
57697
41314
33122
16739
24930
49510
8548
57698
16740
41315
49511
33123
24931
57699
8549
24932
41316
33124
49512
16741
57700
8550
33125
24933
49513
16742
41317
57701
8551
33126
24934
49514
41318
16743
8552
33127
57702
24935
41319
49515
16744
8553
33128
24936
57703
41320
167458554

49516
33129
41321
24937
57704
16746
8555
49517
33130
41322
24938
5770516747

49518
8556
33131
41323
24939
57706
8557
16748
49519
41324
33132
24940
8558
57707
16749
49520
41325
33133
8559
57708
24941
49521
16750
41326
8560
57709
33134
24942
16751
49522
41327
8561
57710
33135
24943
16752
49523
41328
8562
57711
33136
24944
16753
41329
49524
8563
33137
24945
49525
57712
41330
16754
8564
33138
49526
57713
24946
8565
41331
16755
33139
24947
57714
8566
49527
16756
33140
41332
24948
57715
8567
41333
4952816757

33141
8568
41334
24949
57716
49529
33142
16758
41335
8569
57717
24950
16759
49530
33143
41336
8570
57718
24951
16760
33144
49531
41337
8571
16761
24952
33145
57719
49532
41338
8572
16762
24953
33146
49533
57720
41339
16763
33147
24954
8573
49534
41340
57721
16764
8574
33148
24955
41341
49535
57722
33149
16765
249568575

57723
49536
24957
41342
33150
8576
16766
49537
57724
41343
24958
33151
16767
8577
57725
41344
49538
16768
8578
33152
24959
9
41345
49539
57726
8579
24960
33153
16769
41346
49540
57727
24961
33154
16770
8580
41347
57728
49541
24962
33155
8581
16771
57729
49542
41348
24963
8582
16772
33156
49543
57730
41349
16773
8583
33157
24964
57731
49544
41350
8584
33158
24965
16774
57732
41351
8585
49545
33159
24966
16775
8586
41352
49546
57733
24967
16776
33160
8587
57734
41353
49547
33161
16777
24968
57735
41354
8588
33162
16778
49548
24969
57736
41355
16779
33163
8589
24970
49549
41356
57737
33164
16780
8590
24971
49550
57738
41357
33165
16781
24972
8591
41358
57739
49551
33166
24973
8592
57740
16782
33167
41359
49552
57741
8593
33168
24974
41360
49553
16783
57742
33169
8594
24975
16784
41361
49554
33170
41362
57743
24976
8595
16785
49555
41363
57744
8596
33171
49556
16786
24977
57745
41364
8597
16787
33172
49557
24978
57746
41365
8598
24979
49558
16788
33173
8599
41366
57747
49559
24980
33174
16789
41367
57748
24981
8600
49560
16790
33175
24982
41368
8601
577494956133176


16791
41369
8602
24983
33177
57750
16792
49562
8603
41370
24984
57751
33178
49563
16793
24985
41371
8604
33179
57752
49564
16794
41372
24986
8605
49565
57753
33180
41373
24987
16795
8606
57754
49566
41374
24988
16796
33181
8607
49567
57755
24989
41375
33182
16797
8608
49568
57756
24990
41376
8609
16798
33183
57757
49569
41377
24991
8610
33184
16799
57758
49570
24992
41378
33185
8611
16800
49571
57759
24993
41379
33186
8612
16801
49572
41380
24994
57760
33187
8613
16802
49573
24995
41381
57761
33188
8614
49574
16803
57762
41382
24996
8615
33189
49575
16804
57763
41383
24997
33190
8616
49576
57764
16805
24998
41384
8617
49577
57765
33191
16806
41385
24999
49578
16807
8618
33192
57766
25000
41386
49579
16808
8619
33193
57767
25001
41387
49580
16809
8620
33194
57768
49581
41388
25002
16810
57769
33195
8621
41389
49582
25003
57770
16811
8622
49583
33196
41390
25004
57771
16812
8623
33197
49584
25005
41391
57772
33198
8624
49585
25006
41392
16813
57773
33199
8625
49586
41393
25007
57774
16814
33200
49587
8626
33201
16815
25008
41394
57775
49588
8627
16816
25009
33202
41395
57776
49589
8628
25010
16817
41396
33203
57777
49590
8629
25011
16818
41397
33204
49591
8630
57778
16819
25012
41398
33205
57779
49592
16820
8631
25013
33206
41399
57780
16821
49593
8632
25014
41400
33207
57781
16822
8633
49594
25015
41401
57782
8634
49595
16823
33208
25016
57783
41402
49596
8635
16824
25017
33209
41403
57784
8636
49597
25018
33210
16825
41404
57785
8637
49598
25019
33211
41405
16826
57786
49599
8638
25020
33212
41406
57787
16827
49600
8639
25021
33213
41407
57788
16828
49601
8640
33214
25022
41408
16829
57789
49602
8641
33215
25023
57790
41409
16830
8642
33216
49603
16831
25024
57791
41410
33217
8643
25025
49604
57792
41411
16832
33218
57793
25026
8644
16833
49605
41412
33219
57794
49606
25027
8645
16834
57795
41413
33220
25028
49607
16835
41414
8646
33221
57796
25029
16836
49608
41415
3322257797

8647
16837
25030
49609
41416
33223
8648
57798
16838
25031
8649
49610
33224
57799
41417
16839
8650
49611
57800
25032
33225
41418
16840
8651
57801
49612
33226
25033
16841
41419
57802
8652
49613
33227
16842
41420
25034
57803
8653
16843
49614
25035
41421
33228
57804
8654
16844
49615
25036
57805
16845
8655
3322941422

49616
16846
57806
33230
25037
8656
41423
49617
16847
57807
25038
8657
33231
41424
16848
49618
57808
25039
8658
33232
41425
57809
49619
8659
33233
16849
41426
25040
49620
57810
16850
25041
8660
33234
41427
16851
49621
25042
57811
33235
8661
41428
25043
16852
49622
57812
33236
8662
41429
25044
49623
16853
57813
8663
41430
33237
16854
25045
49624
41431
57814
33238
8664
25046
16855
49625
57815
33239
41432
25047
33240
41433
16856
49626
8665
57816
25048
33241
16857
41434
49627
8666
57817
33242
25049
16858
41435
49628
57818
8667
33243
25050
16859
41436
8668
49629
57819
33244
25051
16860
8669
49630
41437
57820
16861
25052
33245
49631
8670
41438
57821
25053
33246
16862
49632
57822
8671
41439
25054
33247
49633
41440
57823
8672
16863
33248
25055
49634
41441
8673
57824
16864
33249
25056
49635
41442
57825
16865
33250
8674
25057
41443
49636
16866
57826
25058
33251
8675
41444
49637
57827
16867
33252
25059
41445
8676
49638
33253
57828
16868
25060
41446
49639
8677
33254
57829
16869
25061
41447
49640
8678
57830
33255
25062
16870
49641
41448
8679
57831
16871
33256
25063
41449
49642
8680
16872
57832
25064
33257
49643
8681
41450
16873
33258
57833
25065
8682
41451
57834
33259
16874
49644
25066
8683
33260
41452
57835
25067
49645
16875
8684
57836
25068
41453
33261
16876
49646
8685
57837
33262
25069
16877
8686
41454
49647
57838
33263
25070
16878
8687
49648
41455
33264
57839
16879
25071
41456
49649
8688
33265
57840
16880
25072
49650
41457
8689
57841
33266
16881
25073
49651
8690
41458
57842
16882
3